175000927155423
222032419127175

525461212372023
238100364172496
332707542968556
540871822409745
299662823163479
366024312419953
832340291852360
491665638961728
338256720803320

860606334451823
85979491740042
991965654289672

377040370479611
481622154839798
344796975032499
192665609601123
473194394032543

609077280684369
792686069418877
267770876673290

378028958743333

506178992270945
113254393578874
582176059509327
712118769511725
938617159994654
199059331519972
831228304583950
379783285953349
547962965767206
433409282575216
128786703187899
609231381170063

105923255782028
31386166226916
807928147692955
661474086357925
225834025737108
932107495898492


486704178139465
199421707575576
699208120898387
922260768042371
810522714456327

862609103183666
770262911767691
922082555726739
244852436160220
939103479208447
421967551823264
148050814756894
370964239866626
800589783895687
124786722131781
241037133470766
575090509879892
210983673331727
369977740966217
833841901279208
808242703741407
86480771542546
278725231983245
588356041191970
516247780146191


213004577245264
991392162353249
317958409707160

952418846712141
671479617794270

611885510992790
182998080238715
588892784560732
994135875707533
152714194370369
640960554500463
200257194011320
146648945253970
143425304800284
460654132527778
725558092954974
280348506023666
260293966900090
468118455001441
229026984292680

514070820306019
458832993999591
530560349841389
125323834374650
837982930530041
717232100485575
788976668811184
265484540886039
542625214982570
739003197504436
748298379015677
579684636119788
855526058775628
908729509357981
477125835168047
763087296520459
144152883604072
171196027200384
355391015882370

855288458397970
974071910222937
521675433727608
938036633207312
167518132868126
955666024602446
760876188254349
84097168274368
882252197064462
319485626997992

622492977616017
255748332061767
226909599959186
622994672846849
502860777565938
434380185490671

217771079121518
923168680535993
146015207635924
811700627962958
794585373418771
260819320013269
813048949571943
910987281506169
704747950097670
349271030568791
532295015687901


975811882440390
880339190454022
708138729990542
869006117604386
496076943143124
177170891894568
294179677558741
718110692589534
605675369318314
855559257153123
247675364444242
965574786673167
145630836773663

544414539158135
682195144107433
541672624358802
760764456385690
641049025411390
574965567340096
300835300460397
314495547040751
507097481151979
435565546984912
907865274523661
995752534805604
952494649200782
619769477928736
346628467030830
591567825523510
733717460279279
791892437082509
984454552074824
78191440638074
307785101850218
706379814679820
202590362758829
187023883718121
649113098898669
745462747491894
899904129339906
369740942002722
500772670891612
677116193968662
530096608191695
363995758559894
173531429424521
631103733556285
356760201009734
705991354608786
91391306794218
134926925342474
965950891144684
132852941259611
748138207397196
190218863918098
722965828911926
507754101971067
325552763999198
185666121511815
837440623044820
290614564117940
751333227214968
409023161697460
773110728125883
848952236134837
446066154309259
147442936784626
905609554201388
97252417210516
848230937950276
82781120984410
529023367278144
143250267042488
740118959468914
872950579349326
974104129148575
6868579633938
410500640706746
40728510199274
710715846953176
296871761664827
907379435032802
239364216525660
420612373164916
224291915053727
943073888676084
83340158249995
216601469917756
553215035648992
1865090330676
262019876417679
483758781529515
479642428073424
281661213840407
144867714140026
11515291471120
776571542305224
576550091853984
774317853061424
754066340947489
633590808013820
901148513569431
668395435823213
827348035129679
25195014603715
936347000331722
118217913134978
388015723290581
634291178781174
114249011322365
427676711379687
298546083864481
324340963862130
266463676949943
309841736419982
590154945618222
499494575997104
486074127287413
182148427803504
815133138380146
922192287156723
273488227321467
723025405427652
134587631426249
439374273121996
943948993931344
244244951494327
159669718068951
41321518356630
862149390384107
669776112449134
963028003341456
803917197180395
758992624684413
768233788007556
265988930381948
745332320143164
823892151840456
549860103268483
463441282414057
163132564740078
19714579780425
808361890381940
23533012338938
360342845095793
976203741989339
315356287194050
72587950418672
544438691621333
142536514556556
37079321974546
8475589469853
391844874633603
491873351357237
479214655488954
321408976092657
178047339361013
597340703944198
101052652777532
747165177038535
44951972186649
826076131392898
152969694238538
743803488750778
430311819757528
280593834837705
535548850693989
660239366896731
336958963652080
27788657236203
443115857711585
737993984301057
262362444012972
740707052263485
875439809367412
67743871268152
682079642157217
687957983459950
159943981482920
235535438979629
720867103824794
817497204164124
281450938638050
596896901717307
984659863240316
43583263132528
261704919233891
646266012433451
866087137901534
918355806055397
650797070509181
789949742751170
111858018658507
453904204967595
270394119821213
904532924105892
589281620618020
597456702489447
298793147727573
733695586359920
101400925880494
472759136965530
159580683996490
387467637634696
403476841373140
730784243091135
816307384330778
560624720842805
580310938890556
580733113933588
712183855837376
762676247539583
507479506133820
733118049031523
777019910649962
597584509180784
873854030112399
53119235426073
593336362198583
345058133968802
395334516761182
786540339795945
349619639687869
733158571157213
550175198501615
317088409855122
717679253445972
837312705108940
432879030784446
418449377076885
376118045579303
176137323975621
403164254499822
369695117525438
586343442982670
855526187848270
978120767910031
970044571107360
891671124918749
857276729512475
150454982998715
251536319896378
86199236201973
153954574743350
843242182781319
347690127631406
668140573321186
744215326559619
337618155630364
896566760644762
350290306940878
498478318373336
587990889164946
229972701434552
868460233107496
603029330314147
579280953892097
772013926763920
391591973476299
925620709405929
100755866606146
382497936714902
908807710005886
249094486442712
563984760467492
738900606417327
404085325937004
545964748893988
804568069878910
200624595656849
446466681149584
339090189194734
591695067690935
863687696150002
31010655639740
164026014618612
515400554204362
826973512172800
138434709124297
147450188258504
255879311031966
923240001604913
580761422652631
991605847005490
677355235593894
251636267329800
827597860990585
10035009429097
274351952201487
696771137250853
567731382850290
617231867072791
277700010257559
900208534987227
618911011560747
118101560197878
434645956595696
641485796466330
859386204492636
943518468758819
617090516750466
748960151397223
409036212980180
51634490683913
91240669756068
317253738103699
915098716989114
436593149964106
397445701796649
513741444603608
353120904589602
195968989187839
56327470722653
36092898158105
423687670275968
786678526722569
40653877822294
835692347533502
851200646153599
870348271349458
909783120233617
164086515770510
980291800325523
55275752541682
803972826932450
755400335425160
935910587956699
431247978753586
576470161651368
524216814404819
585725710574968
556966830454625
33495666398162
132671781047674
505529394625873
399816687246544
753949766397035
124728848256456
8507651935021
960159704845322
40485602641354
748805589081511
615565902575561
514511961572018
528747406240944
443597016339798
74376683895671
272601094450398
858292260032087
355979267122030
758894816819759
172922795381026
18539187231433
726320187710145
804896570400936
156214257002021
531644854708800
658444628567971
216921099587906
531640144315083
128587892330898
691251696938417
652207335126373
244241538253762
547100871822852
377365610337729
756264677159681
98832066602243
314016280156958
170344571969860
496681652673268
45081807315970
866030188016612
347085129086131
452875115643346
943475656692013
146541898710635
828751526328313
920262646446636
44538928098091
79338061052973
386719236314737
141957744530008
956915480263840
814300988237251
866814640706955
986606748932490
59158139002410
34045657537820
81644861725106
847175060526404
143683913443868
414164499910457
514582205831072
735737784765520
940732031766950
471552768262305
893206790132651
110375075000821
618451052450573
335664169327847
294173299520551
476377027645388
974879355330753
136222410148511
350802104648055
378568897183190
612807388742213
390060986633008
406651515043073
656062185725089
602825783964838
172245660227417
389878992418160
73316828791618
272277859788338
170095979738550
458928624082649
726169107263408
877500615334207
731580192462015
984885867278958
756168762030907
463671331256717
465652223769403
792121264524683
248794998008932
925071198639042
399054408587570
230993154116543
392405097430760
800421682458054
373738549362956
173483521928969
43009335642302
290663179265685
791862127246946
855775611885610
603345149412116
788892382030953
185186896971680
897698266670865
910146025603259
403107063449363
556878559971558
556602416304401
318343216434952
585184257521828
70455640726072
610921664519401
125638506788956
444366891506130
295421858584826
217944923378069
417919531578845
386677776601634
82994612085543
347961730404121
569978781514906
244603172957026
603367235984667
959082372975523
636219162320889
316434259255602
516647744786521
760844996354750
74429850796527
509277518425962
434411643372134
516867275112836
23708508951101
33944856214267
132502983946316
601423213762666
618152393205185
825459185704484
694853815420743
613422515348014
565741610986446
447247704553369
404030551591083
904842813591163
191147057950600
107975239894608
319910050664610
302577177943026
356686016515633
400461163104011
837281057294741
185136084743417
593189326555087
693516244406549
131764229200632
47348279539322
609905747443401
183004757582185
822184579132182
164550457743785
465188082555484
950687248015772
6365608964343
555873632802954
136135549317304
830358989006158
84263630311762
736635750958757
487366629053809
772325054635658
100282430971567
488454751895822
332887625468870
758499589217551
937401590246722
975674621514655
532008562537530
185562534548629
950025761537130
468282864863658
314225445203916
362556927227861
396761509921374
73399265964922
289058124618034
983646512036295
526219860349340
589092247112838
967933620353717
140502808183962
839937254761869
551465340920196
569871322202471
20523750768878
951665516030334